Det. terms outside the coint. relation & lagged endog. parameters for equation deuda_pib
================================================================================
                   coef    std err          z      P>|z|      [0.025      0.975]
--------------------------------------------------------------------------------
exog1            0.0604      0.087      0.696      0.486      -0.110       0.230
L1.deuda_pib     0.9085      0.111      8.216      0.000       0.692       1.125
L1.pb_pib        2.1814      0.770      2.832      0.005       0.672       3.691
L1.EMBI          0.0011      0.001      1.093      0.274      -0.001       0.003
L1.TCRM         -7.2142      3.752     -1.923      0.054     -14.567       0.139
L2.deuda_pib    -0.0633      0.143     -0.441      0.659      -0.344       0.218
L2.pb_pib        0.1291      0.821      0.157      0.875      -1.480       1.738
L2.EMBI          0.0024      0.001      2.337      0.019       0.000       0.004
L2.TCRM         -1.3399      3.868     -0.346      0.729      -8.921       6.242
L3.deuda_pib     0.0397      0.190      0.209      0.834      -0.332       0.412
L3.pb_pib        0.6452      0.839      0.769      0.442      -0.999       2.290
L3.EMBI         -0.0013      0.001     -1.352      0.177      -0.003       0.001
L3.TCRM         -1.1051      4.093     -0.270      0.787      -9.126       6.916
L4.deuda_pib    -0.7510      0.193     -3.884      0.000      -1.130      -0.372
L4.pb_pib       -2.3070      0.927     -2.488      0.013      -4.125      -0.489
L4.EMBI          0.0004      0.001      0.533      0.594      -0.001       0.002
L4.TCRM          2.4169      3.932      0.615      0.539      -5.290      10.124
L5.deuda_pib     0.5418      0.148      3.663      0.000       0.252       0.832
L5.pb_pib        1.9626      0.769      2.551      0.011       0.455       3.470
L5.EMBI       -2.61e-05      0.001     -0.032      0.974      -0.002       0.002
L5.TCRM         -2.6067      3.854     -0.676      0.499     -10.161       4.948
Det. terms outside the coint. relation & lagged endog. parameters for equation pb_pib
================================================================================
                   coef    std err          z      P>|z|      [0.025      0.975]
--------------------------------------------------------------------------------
exog1            0.0139      0.011      1.220      0.222      -0.008       0.036
L1.deuda_pib     0.0490      0.015      3.369      0.001       0.021       0.078
L1.pb_pib       -0.1593      0.101     -1.571      0.116      -0.358       0.039
L1.EMBI         -0.0002      0.000     -1.263      0.207      -0.000    9.59e-05
L1.TCRM         -0.1473      0.494     -0.298      0.765      -1.115       0.820
L2.deuda_pib    -0.0096      0.019     -0.506      0.613      -0.047       0.027
L2.pb_pib       -0.1535      0.108     -1.421      0.155      -0.365       0.058
L2.EMBI         -0.0004      0.000     -2.633      0.008      -0.001   -9.04e-05
L2.TCRM          0.5949      0.509      1.169      0.243      -0.403       1.593
L3.deuda_pib     0.0037      0.025      0.148      0.882      -0.045       0.053
L3.pb_pib       -0.1870      0.110     -1.693      0.090      -0.403       0.029
L3.EMBI      -2.957e-06      0.000     -0.023      0.982      -0.000       0.000
L3.TCRM          0.2317      0.539      0.430      0.667      -0.824       1.287
L4.deuda_pib     0.0356      0.025      1.400      0.161      -0.014       0.086
L4.pb_pib       -0.0695      0.122     -0.569      0.569      -0.309       0.170
L4.EMBI         -0.0001      0.000     -0.978      0.328      -0.000       0.000
L4.TCRM          0.3508      0.518      0.678      0.498      -0.664       1.365
L5.deuda_pib    -0.0003      0.019     -0.014      0.989      -0.038       0.038
L5.pb_pib       -0.3588      0.101     -3.543      0.000      -0.557      -0.160
L5.EMBI         -0.0002      0.000     -1.765      0.077      -0.000    2.06e-05
L5.TCRM          0.6255      0.507      1.233      0.218      -0.369       1.620
Det. terms outside the coint. relation & lagged endog. parameters for equation EMBI
================================================================================
                   coef    std err          z      P>|z|      [0.025      0.975]
--------------------------------------------------------------------------------
exog1           13.2660      8.397      1.580      0.114      -3.192      29.724
L1.deuda_pib    -8.0983     10.714     -0.756      0.450     -29.098      12.901
L1.pb_pib     -127.0559     74.632     -1.702      0.089    -273.333      19.221
L1.EMBI          0.2097      0.101      2.071      0.038       0.011       0.408
L1.TCRM       -883.4134    363.493     -2.430      0.015   -1595.847    -170.980
L2.deuda_pib   112.9287     13.897      8.126      0.000      85.690     140.167
L2.pb_pib      241.2958     79.538      3.034      0.002      85.405     397.187
L2.EMBI         -0.0479      0.099     -0.484      0.628      -0.242       0.146
L2.TCRM      -1005.9866    374.788     -2.684      0.007   -1740.557    -271.416
L3.deuda_pib   -67.8605     18.395     -3.689      0.000    -103.914     -31.807
L3.pb_pib     -288.6241     81.304     -3.550      0.000    -447.977    -129.271
L3.EMBI         -0.1893      0.095     -1.992      0.046      -0.376      -0.003
L3.TCRM       -113.0507    396.530     -0.285      0.776    -890.235     664.134
L4.deuda_pib     6.2936     18.737      0.336      0.737     -30.431      43.018
L4.pb_pib     -104.4668     89.860     -1.163      0.245    -280.589      71.655
L4.EMBI         -0.0713      0.079     -0.904      0.366      -0.226       0.083
L4.TCRM       -808.9323    381.015     -2.123      0.034   -1555.708     -62.156
L5.deuda_pib    35.1011     14.331      2.449      0.014       7.012      63.190
L5.pb_pib      -15.2058     74.543     -0.204      0.838    -161.307     130.896
L5.EMBI          0.0575      0.078      0.736      0.462      -0.096       0.210
L5.TCRM       -514.0985    373.449     -1.377      0.169   -1246.044     217.847
Det. terms outside the coint. relation & lagged endog. parameters for equation TCRM
================================================================================
                   coef    std err          z      P>|z|      [0.025      0.975]
--------------------------------------------------------------------------------
exog1           -0.0021      0.002     -0.884      0.377      -0.007       0.003
L1.deuda_pib     0.0141      0.003      4.649      0.000       0.008       0.020
L1.pb_pib       -0.0254      0.021     -1.203      0.229      -0.067       0.016
L1.EMBI      -7.381e-06   2.86e-05     -0.258      0.796   -6.35e-05    4.87e-05
L1.TCRM          0.0139      0.103      0.135      0.892      -0.187       0.215
L2.deuda_pib    -0.0039      0.004     -0.994      0.320      -0.012       0.004
L2.pb_pib       -0.0147      0.022     -0.655      0.513      -0.059       0.029
L2.EMBI       2.996e-06    2.8e-05      0.107      0.915   -5.18e-05    5.78e-05
L2.TCRM         -0.3300      0.106     -3.116      0.002      -0.538      -0.122
L3.deuda_pib     0.0067      0.005      1.291      0.197      -0.003       0.017
L3.pb_pib       -0.0166      0.023     -0.723      0.470      -0.062       0.028
L3.EMBI      -8.468e-06   2.69e-05     -0.315      0.753   -6.11e-05    4.42e-05
L3.TCRM         -0.2006      0.112     -1.790      0.073      -0.420       0.019
L4.deuda_pib    -0.0066      0.005     -1.242      0.214      -0.017       0.004
L4.pb_pib       -0.0636      0.025     -2.503      0.012      -0.113      -0.014
L4.EMBI      -1.187e-05   2.23e-05     -0.532      0.594   -5.56e-05    3.18e-05
L4.TCRM         -0.0321      0.108     -0.298      0.766      -0.243       0.179
L5.deuda_pib     0.0052      0.004      1.272      0.203      -0.003       0.013
L5.pb_pib       -0.0219      0.021     -1.040      0.298      -0.063       0.019
L5.EMBI      -6.012e-06   2.21e-05     -0.273      0.785   -4.93e-05    3.72e-05
L5.TCRM         -0.0054      0.106     -0.051      0.959      -0.212       0.201
             Loading coefficients (alpha) for equation deuda_pib              
==============================================================================
                 coef    std err          z      P>|z|      [0.025      0.975]
------------------------------------------------------------------------------
ec1           -0.0394      0.030     -1.323      0.186      -0.098       0.019
               Loading coefficients (alpha) for equation pb_pib               
==============================================================================
                 coef    std err          z      P>|z|      [0.025      0.975]
------------------------------------------------------------------------------
ec1            0.0034      0.004      0.858      0.391      -0.004       0.011
                Loading coefficients (alpha) for equation EMBI                
==============================================================================
                 coef    std err          z      P>|z|      [0.025      0.975]
------------------------------------------------------------------------------
ec1            7.9000      2.888      2.736      0.006       2.240      13.560
                Loading coefficients (alpha) for equation TCRM                
==============================================================================
                 coef    std err          z      P>|z|      [0.025      0.975]
------------------------------------------------------------------------------
ec1            0.0022      0.001      2.666      0.008       0.001       0.004
          Cointegration relations for loading-coefficients-column 1           
==============================================================================
                 coef    std err          z      P>|z|      [0.025      0.975]
------------------------------------------------------------------------------
beta.1         1.0000          0          0      0.000       1.000       1.000
beta.2         9.8163      2.216      4.430      0.000       5.473      14.159
beta.3        -0.0124      0.002     -5.128      0.000      -0.017      -0.008
beta.4       -13.9463      8.921     -1.563      0.118     -31.432       3.539
const        -23.3689     16.627     -1.406      0.160     -55.956       9.218
==============================================================================